1 -2.32243 -3.95191 1.15869
2 -2.1835 -3.55623 1.04289
3 -2.24761 -3.04411 0.72133
4 -1.64875 -3.37098 1.72404
5 -1.64675 -2.69843 0.855365
6 -1.64717 -2.45606 0.604343
7 -1.38767 -2.46144 0.755818
8 -1.35322 -2.53246 0.881673
9 -1.35342 -2.41235 0.717938
10 -1.33072 -1.99554 0.422659
11 -1.31902 -2.20395 0.872308
12 -1.30046 -1.91337 0.73841
13 -1.229 -1.74663 0.472949
14 -1.22911 -1.91863 0.801784
15 -1.23455 -1.71066 0.484452
16 -1.23006 -1.57485 0.439257
17 -1.20871 -1.70299 0.613596
18 -1.22298 -1.80303 0.650702
19 -1.22175 -1.80729 0.633084
20 -1.22086 -1.63277 0.567403
21 -1.22096 -1.7414 0.54571
22 -1.20176 -1.81273 0.633481
23 -1.22033 -2.15492 1.06024
24 -1.22127 -2.30468 1.07335
25 -1.22522 -2.21841 1.02401
26 -1.22884 -2.26122 0.707875
27 -1.20846 -2.03738 0.729293
28 -1.21353 -2.0682 0.676582
29 -1.21591 -1.98042 0.860456
30 -1.21311 -1.83188 0.929427
31 -1.09064 -1.71752 0.753379
32 -1.13907 -1.80613 0.916037
33 -1.13872 -1.79053 0.71685
34 -1.1343 -1.89086 0.919862
35 -1.13517 -1.7989 0.801848
36 -1.1365 -1.84464 0.839727
37 -1.13439 -1.59283 0.555177
38 -1.13609 -1.41923 0.516252
39 -1.12586 -1.64465 0.820602
40 -1.10634 -1.61531 0.694961
41 -1.13438 -2.1123 1.15585
42 -1.10346 -2.10784 0.877232
43 -1.13512 -2.09784 0.858914
44 -1.13059 -2.27042 1.07028
45 -1.13609 -2.06556 0.839571
46 -1.12707 -1.82017 0.730143
47 -1.13465 -1.45959 0.48262
48 -1.10501 -1.59294 0.767845
49 -1.10397 -1.56331 0.804743
50 -1.14965 -1.44565 0.512746
51 -1.14145 -1.43075 0.497449
52 -1.14158 -1.39742 0.586987
53 -1.09063 -1.33066 0.420662
54 -1.09908 -1.64561 0.825925
55 -1.10501 -1.51768 0.723208
56 -1.0413 -1.39525 0.557526
57 -1.04246 -1.33993 0.382887
58 -1.04563 -1.28676 0.475056
59 -1.04529 -1.46889 0.71232
60 -0.951541 -1.22645 0.52804
61 -0.95117 -1.35932 0.606514
62 -0.949658 -1.12229 0.115291
63 -0.951245 -1.40757 0.691692
64 -0.953245 -1.44149 0.638364
65 -0.962186 -1.74316 1.04518
66 -0.963657 -1.52646 0.935838
67 -0.961703 -1.53559 0.911288
68 -0.96144 -1.69308 0.703719
69 -0.961777 -1.60406 0.680158
70 -0.961144 -1.54929 0.871214
71 -0.960044 -1.84625 0.870594
72 -1.05506 -1.9075 1.05351
73 -0.971561 -1.63769 0.634808
74 -0.969269 -1.66061 0.670612
75 -0.971559 -1.5152 0.90629
76 -0.970119 -1.51119 0.687552
77 -0.969489 -1.79793 0.7201
78 -0.96978 -1.88306 0.804968
79 -0.961174 -1.61805 0.963969
80 -0.95999 -1.50709 0.597711
81 -0.963168 -1.62301 0.881975
82 -0.959204 -1.60841 0.700882
83 -0.92589 -1.59982 0.788937
84 -0.954029 -1.68039 0.972123
85 -0.955797 -1.64873 0.722946
86 -0.960237 -1.64166 0.769268
87 -0.969072 -1.64151 0.891722
88 -0.962883 -1.5281 0.788822
89 -0.959231 -1.48761 0.706635
90 -0.962387 -1.64037 0.932162
91 -0.927634 -1.81843 0.982195
92 -0.927484 -1.86045 1.06027
93 -0.927675 -1.51481 0.70344
94 -0.959297 -1.7219 1.24698
95 -0.951402 -1.54692 0.699825
96 -0.92685 -1.62446 0.880326
97 -0.924491 -1.50539 1.02706
98 -0.924076 -1.46258 0.639855
99 -0.917322 -1.38411 0.881688
100 -0.904114 -1.41437 0.726042
101 -0.924352 -1.75566 1.04983
102 -0.91191 -1.96793 1.15797
103 -0.913883 -1.654 0.824145
104 -0.915803 -1.88922 0.752967
105 -0.917676 -1.81624 0.961261
106 -0.914226 -1.72242 0.990918
107 -0.911376 -1.72225 0.954099
108 -0.913777 -1.80216 0.88107
109 -0.913777 -1.88893 0.866527
110 -0.915951 -1.81556 0.852826
111 -0.923962 -2.02368 1.06229
112 -0.924934 -1.79792 0.683195
113 -0.923049 -1.84002 0.614504
114 -0.926697 -1.80627 0.558291
115 -1.17795 -1.64658 0.573624
116 -0.99862 -1.48406 0.620997
117 -0.937034 -1.58352 0.667215
118 -0.942262 -1.74908 0.86612
119 -1.05446 -2.12341 1.10895
120 -0.942433 -2.01909 0.725674
121 -0.893171 -1.91738 0.774573
122 -0.881013 -1.8028 0.575207
123 -0.894273 -1.42289 0.446897
124 -0.893886 -1.62588 0.693734
125 -0.894413 -1.5725 0.822755
126 -1.0068 -1.43947 0.653158
127 -1.01031 -1.40344 0.841139
128 -1.00947 -1.83612 1.05383
129 -0.951332 -1.84519 1.11898
130 -1.00915 -1.54897 0.663045
131 -1.00863 -1.60805 0.818974
132 -1.00872 -1.62911 0.800881
133 -0.97805 -1.92852 1.17059
134 -0.978165 -1.76067 0.897006
135 -0.978796 -1.50427 0.651859
136 -0.976956 -1.41005 0.690541
137 -0.968333 -1.45554 0.804814
138 -0.958135 -1.49847 0.858055
139 -0.954725 -1.60301 1.11193
140 -0.956503 -2.00116 1.36868
141 -0.958674 -1.47888 0.571656
142 -0.958307 -1.64711 0.782726
143 -0.958312 -1.82295 1.01325
144 -0.959641 -1.78782 0.883107
145 -0.959224 -2.12393 1.09681
146 -0.953826 -1.66523 0.68951
147 -0.968951 -1.77164 0.859238
148 -0.975528 -1.62682 0.699167
149 -0.974215 -1.91701 0.9039
150 -0.976154 -1.91373 1.34377
