1 0.671285 -399.81 1959.63
2 1.85365 0.493269 0.417173
3 1.85365 0.627654 0.345211
4 1.98564 0.761569 0.419804
5 1.98564 0.933766 0.427761
6 2.41899 1.09963 0.48107
7 2.41899 1.25617 0.493933
8 2.41899 1.3611 0.448318
9 2.41899 1.53283 0.438755
10 2.41899 1.68785 0.406024
11 2.5757 1.80797 0.404586
12 2.5757 1.83079 0.383134
13 2.5757 1.85278 0.361607
14 3.32521 2.00583 0.408209
15 3.32521 2.03368 0.384142
16 3.76629 2.1389 0.490094
17 3.76629 2.14656 0.483797
18 3.76629 2.20332 0.475353
19 3.76629 2.20332 0.475353
20 3.76629 2.20332 0.475353
21 3.76629 2.2832 0.482158
22 3.76629 2.31981 0.463867
23 3.76629 2.33535 0.453862
24 4.53775 2.44271 0.615798
25 4.53775 2.60938 0.660198
26 4.53775 2.62013 0.652238
27 4.53775 2.62013 0.652238
28 4.53775 2.7639 0.700265
29 4.53775 2.8003 0.682333
30 4.53775 2.87353 0.707338
31 4.53775 2.87353 0.707338
32 4.53775 2.87353 0.707338
33 4.78802 2.99572 0.771295
34 6.52465 3.19776 0.997211
35 6.52465 3.22784 0.979274
36 8.14105 3.46295 1.35354
37 8.14105 3.46535 1.35155
38 8.14105 3.55165 1.31229
39 10.4311 3.88094 1.85372
40 10.4311 3.97033 1.82164
41 10.4311 4.07489 1.77731
42 10.4311 4.28098 1.7917
43 10.4311 4.49109 1.90521
44 10.4311 4.7432 1.94865
