1 100.678 -370.208 1965.89
2 100.678 56.9731 25.3102
3 100.678 77.2776 14.6434
4 100.678 83.1676 11.4169
5 100.678 85.3541 9.49825
6 100.678 87.9179 7.57809
7 100.678 90.7521 5.94898
8 100.678 92.7493 4.28301
9 100.678 93.6003 3.91205
10 100.678 94.581 3.64883
11 105.754 95.718 3.8258
12 105.754 96.3119 3.60353
13 105.754 97.1162 3.18541
14 105.754 97.542 2.89244
15 105.754 97.542 2.89244
16 105.754 97.8554 2.6676
17 107.794 98.6327 3.06008
18 107.794 99.1159 2.93565
19 108.323 99.7969 3.20623
20 108.323 100.918 2.93266
21 117.832 101.875 4.26974
22 117.832 101.999 4.21929
23 117.832 102.242 4.16947
24 117.832 102.596 4.10947
25 117.832 103.441 4.17453
26 132.752 104.988 6.94858
27 132.752 105.753 6.61657
28 132.752 106.201 6.61352
29 133.722 108.197 8.33041
30 133.722 111.541 9.28972
31 133.722 112.475 8.82849
32 133.722 112.872 8.56981
33 141.475 116.204 10.3915
34 141.475 119.977 9.84548
35 141.475 120.551 9.36706
36 141.475 121.473 8.58327
37 141.475 123.312 7.92204
38 141.697 125.428 8.42795
39 141.697 127.924 7.54201
40 141.697 129.539 6.83788
41 143.052 132.17 5.50982
42 143.052 132.958 4.91358
43 145.438 134.557 5.01496
44 145.438 135.505 4.26753
45 145.438 135.974 4.17848
46 145.438 136.924 3.85081
47 150.177 137.672 4.48423
48 150.177 137.905 4.35076
49 150.177 138.105 4.22234
50 150.177 138.105 4.22234
51 150.177 138.545 4.22949
52 150.177 139.393 3.94765
53 150.177 139.685 3.71131
54 150.177 139.904 3.55327
55 150.177 140.147 3.41044
56 150.177 140.445 3.29082
57 150.177 140.497 3.23149
58 150.177 141.057 3.08359
59 150.177 141.186 2.95895
60 150.177 141.248 2.87769
61 150.177 141.248 2.87769
62 150.177 141.339 2.78358
63 150.177 141.339 2.78358
64 150.177 141.339 2.78358
65 150.177 141.461 2.67408
66 150.177 141.573 2.57248
67 150.177 141.573 2.57248
68 150.177 141.995 2.4865
69 150.177 142.381 2.43447
70 150.177 142.416 2.39969
71 150.177 142.416 2.39969
72 150.177 142.541 2.3364
73 150.177 142.541 2.3364
74 150.177 142.541 2.3364
75 150.177 142.604 2.28271
76 150.177 142.604 2.28271
77 150.177 142.642 2.24527
78 150.177 142.787 2.21735
79 150.177 142.787 2.21735
80 150.177 142.787 2.21735
81 150.177 142.787 2.21735
82 150.177 142.787 2.21735
83 150.177 142.787 2.21735
84 150.177 142.787 2.21735
85 150.177 142.787 2.21735
86 150.177 142.787 2.21735
87 150.177 142.787 2.21735
88 150.177 142.91 2.17094
89 150.177 142.997 2.11666
90 150.177 142.997 2.11666
91 150.177 143.12 2.04279
92 150.177 143.12 2.04279
93 150.177 143.12 2.04279
94 150.177 143.12 2.04279
95 150.177 143.133 2.02913
96 150.177 143.133 2.02913
97 150.177 143.325 2.0457
98 150.177 143.635 2.26669
99 150.38 144.002 2.56612
100 150.38 144.112 2.50535
101 150.38 144.112 2.50535
102 150.38 144.112 2.50535
103 150.38 144.126 2.49117
104 150.38 144.126 2.49117
105 150.38 144.407 2.56083
106 150.38 144.407 2.56083
107 150.38 144.407 2.56083
108 150.38 144.407 2.56083
109 150.38 144.407 2.56083
110 150.38 144.407 2.56083
111 150.38 144.407 2.56083
112 150.38 144.407 2.56083
113 150.38 144.44 2.52853
114 150.38 144.44 2.52853
115 150.38 144.962 2.5539
116 150.38 144.983 2.52946
117 150.38 144.983 2.52946
118 165.648 145.919 4.72326
119 165.648 145.947 4.70361
120 165.648 145.947 4.70361
121 165.648 145.947 4.70361
122 165.648 145.947 4.70361
123 165.648 145.947 4.70361
124 165.648 146.579 5.24849
125 165.648 147.488 6.34717
126 165.648 147.488 6.34717
127 173.005 148.7 7.99669
128 173.005 149.544 7.97124
129 173.005 150.375 8.01244
130 176.364 152.824 9.94142
131 177.296 154.338 10.701
132 177.296 155.511 10.3892
133 177.296 155.574 10.332
134 177.296 156.646 10.2132
135 177.296 159.127 10.1413
136 178.868 161.115 10.1815
137 178.868 162.068 10.0326
138 178.868 163.992 8.77095
139 178.868 163.992 8.77095
140 178.868 166.757 7.25161
141 178.868 168.241 6.36421
142 178.868 169.465 5.70555
143 178.868 169.465 5.70555
144 178.868 170.17 5.50225
145 178.868 171.37 4.76827
146 178.868 172.268 3.902
147 178.868 173.364 3.15597
148 178.868 173.364 3.15597
149 178.868 174.008 2.74228
150 178.868 174.008 2.74228
