1 162.933 -725.957 2738.77
2 173.365 130.585 20.2249
3 217.218 143.331 21.1633
4 217.218 147.579 19.0191
5 217.218 154.041 20.4356
6 217.218 157.193 19.0448
7 228.668 171.276 24.7791
8 228.668 171.549 24.5463
9 228.668 172.812 24.2116
10 228.668 177.159 24.1691
11 228.668 179.352 23.85
12 228.668 181.444 22.4611
13 228.668 183.761 21.7992
14 228.668 184.782 21.2844
15 228.668 185.86 20.4306
16 228.668 187.171 19.9634
17 228.668 187.976 19.3942
18 228.668 189.427 18.969
19 228.668 190.327 18.1759
20 228.668 192.391 17.7868
21 228.668 196.411 16.8561
22 228.668 196.43 16.8311
23 228.668 198.795 15.9095
24 234.802 203.925 15.6761
25 234.802 205.14 14.5302
26 234.802 207.148 13.1373
27 234.802 209.516 11.6057
28 234.802 212.505 9.52683
29 234.802 212.677 9.30337
30 234.802 213.541 9.07555
31 234.802 214.668 8.4211
32 234.802 214.668 8.4211
33 234.802 214.668 8.4211
34 234.802 214.668 8.4211
35 234.802 214.668 8.4211
36 234.802 214.668 8.4211
37 234.802 214.668 8.4211
38 234.802 214.668 8.4211
39 234.802 215.14 7.97314
40 234.802 215.575 7.55681
41 234.802 215.723 7.33187
42 234.802 216.75 6.95457
43 234.802 216.75 6.95457
44 234.802 216.75 6.95457
45 234.802 218.458 7.10227
46 234.802 218.458 7.10227
47 234.802 218.828 6.80687
48 234.802 219.845 6.21946
49 234.802 219.876 6.16869
50 234.802 220.029 5.97435
51 234.802 220.206 5.76736
52 234.802 220.493 5.55638
53 234.802 220.672 5.38226
54 234.802 220.672 5.38226
55 234.802 220.672 5.38226
56 234.802 220.672 5.38226
57 235.679 221.847 5.72538
58 235.679 221.847 5.72538
59 235.679 221.847 5.72538
60 235.679 221.847 5.72538
61 235.679 221.847 5.72538
62 235.679 221.847 5.72538
63 235.679 221.847 5.72538
64 235.679 221.847 5.72538
65 235.679 222.573 5.85505
66 235.679 222.573 5.85505
67 257.222 225.59 9.85551
68 257.222 225.59 9.85551
69 257.222 226.771 10.339
70 257.222 226.977 10.1969
71 257.222 226.977 10.1969
72 257.222 228.293 10.2414
73 257.222 228.511 10.0702
74 257.222 228.511 10.0702
75 257.222 229.182 9.94034
76 257.222 229.182 9.94034
77 257.222 229.182 9.94034
78 257.222 229.271 9.86201
79 257.222 229.271 9.86201
80 259.311 230.865 11.2678
81 259.311 231.676 11.1686
82 259.311 231.676 11.1686
83 259.311 231.676 11.1686
84 259.311 231.852 11.031
85 259.311 231.852 11.031
86 259.311 231.852 11.031
87 259.311 231.852 11.031
88 259.311 234.067 11.5728
89 259.311 234.067 11.5728
90 259.311 234.356 11.343
91 259.311 234.356 11.343
92 259.311 237.02 12.0639
93 259.311 237.02 12.0639
94 259.311 237.02 12.0639
95 259.311 238.955 11.8394
96 259.311 238.955 11.8394
97 259.311 238.955 11.8394
98 259.311 240.204 11.0451
99 259.311 240.403 10.8173
100 259.311 240.403 10.8173
