1 173.67 -315.971 1977.85
2 180.927 127.512 21.3223
3 180.927 134.288 18.1848
4 180.927 139.064 17.2012
5 180.927 144.982 14.9629
6 180.927 149.573 14.183
7 180.927 152.878 13.4902
8 222.902 159.018 17.7806
9 222.902 162.408 17.5974
10 222.902 170.127 19.6703
11 222.902 173.307 19.9244
12 222.902 177.263 18.3259
13 222.902 182.696 18.509
14 222.902 184.449 18.4127
15 222.902 191.204 16.8788
16 222.902 193.781 15.0413
17 222.902 197.331 12.9614
18 235.988 199.779 14.2161
19 235.988 200.384 13.4948
20 251.379 204.458 16.0665
21 251.379 206.677 15.1947
22 251.379 209.393 14.6235
23 251.379 212.088 13.671
24 251.379 214.847 12.585
25 251.379 216.089 11.5282
26 251.379 216.271 11.3496
27 251.379 217.262 10.7206
28 251.379 219.237 10.7422
29 251.379 221.296 10.5821
30 251.379 221.571 10.2983
31 251.379 223.523 10.3425
32 251.379 224.403 10.1228
33 251.379 225.008 9.78508
34 251.379 225.008 9.78508
35 251.379 226.444 9.19327
36 251.379 226.697 8.93238
37 251.379 228.155 8.38078
38 251.379 228.404 8.14566
39 251.379 228.404 8.14566
40 251.379 228.511 8.01839
41 251.379 228.511 8.01839
42 251.379 229.847 7.89861
43 251.379 229.847 7.89861
44 251.379 229.847 7.89861
45 251.379 230.237 7.6164
46 251.379 231.296 8.04689
47 251.379 232.209 8.11948
48 251.379 232.209 8.11948
49 251.379 232.482 7.85076
50 251.379 232.482 7.85076
51 251.379 232.605 7.70338
52 251.379 232.605 7.70338
53 251.379 232.605 7.70338
54 251.379 232.605 7.70338
55 251.379 232.605 7.70338
56 251.379 232.9 7.46066
57 251.379 233.1 7.2541
58 251.379 233.1 7.2541
59 251.379 233.1 7.2541
60 251.379 233.1 7.2541
61 251.379 234.148 7.68308
62 251.379 234.148 7.68308
63 251.379 234.148 7.68308
64 251.379 234.148 7.68308
65 251.379 234.598 7.44311
66 251.379 235.173 7.10564
67 251.379 235.568 6.80505
68 251.379 235.568 6.80505
69 251.379 235.568 6.80505
70 251.379 235.568 6.80505
71 251.379 235.568 6.80505
72 251.379 235.568 6.80505
73 251.379 235.568 6.80505
74 251.379 235.997 6.64348
75 251.379 235.997 6.64348
76 251.379 235.997 6.64348
77 251.379 235.997 6.64348
78 251.379 235.997 6.64348
79 251.379 235.997 6.64348
80 251.379 235.997 6.64348
81 251.379 235.997 6.64348
82 251.379 235.997 6.64348
83 251.379 235.997 6.64348
84 251.379 235.997 6.64348
85 251.379 235.997 6.64348
86 251.379 235.997 6.64348
87 251.379 235.997 6.64348
88 251.379 235.997 6.64348
89 251.379 235.997 6.64348
90 251.379 235.997 6.64348
91 251.379 235.997 6.64348
92 251.379 235.997 6.64348
93 251.379 235.997 6.64348
94 251.379 235.997 6.64348
95 285.792 238.312 11.6334
96 285.792 238.312 11.6334
97 285.792 238.312 11.6334
98 285.792 238.312 11.6334
99 285.792 238.312 11.6334
100 285.792 238.312 11.6334

