1 0.0346176 -1599.99 3666.06
2 3.16247 0.422955 0.774592
3 5.09165 1.73414 1.53726
4 24.4456 5.00063 4.47102
5 26.9393 10.5707 5.80365
6 30.1637 15.9925 6.92495
7 49.4007 23.4728 8.21631
8 57.9467 31.2066 9.63341
9 87.1387 35.0236 13.8425
10 87.1387 39.8459 12.9585
11 87.1387 46.1428 10.2704
12 87.1387 49.376 9.73846
13 87.1387 51.4589 8.86475
14 87.1387 52.2327 8.4952
15 87.1387 53.3142 8.00031
16 87.1387 57.6621 9.00048
17 87.1387 58.7031 8.69046
18 87.1387 60.2245 8.49849
19 87.1387 61.837 8.55172
20 87.1387 64.1555 7.89303
21 87.1387 66.8489 6.78472
22 92.7927 71.0339 7.14932
23 92.7927 72.6541 6.22012
24 92.7927 73.5937 5.77136
25 92.7927 74.6107 5.31602
26 93.4356 75.7159 6.28928
27 93.4356 76.2293 6.04422
28 93.4356 76.9403 6.29055
29 93.4356 79.2504 6.59297
30 93.4356 80.925 6.57158
31 93.4356 82.2729 5.74906
32 93.4356 84.5473 4.66919
33 93.4356 86.7398 4.22627
34 93.4356 88.0302 3.4277
35 103.145 89.4297 4.18275
36 103.145 90.6673 4.32475
37 103.145 91.0955 3.97428
38 103.145 91.3464 3.80516
39 103.145 91.8688 3.5215
40 103.145 91.8998 3.49315
41 103.145 91.9364 3.46116
42 103.145 92.2205 3.3425
43 111.649 94.0338 5.95977
44 111.649 94.3388 5.83932
45 111.649 95.4222 6.28644
46 111.649 96.0569 6.23487
47 111.78 96.8914 6.85638
48 111.78 98.2351 7.14904
49 116.271 100.683 7.71612
50 116.271 104.166 7.25959
51 117.793 105.695 6.82828
52 117.874 108.254 5.37396
53 117.874 110.32 4.2037
54 119.269 111.003 4.22406
55 119.269 112.633 3.06352
56 119.269 113.298 2.60043
57 122.03 114.216 2.81006
58 122.03 115.206 2.50317
59 122.03 115.648 2.20665
60 122.03 115.648 2.20665
61 122.03 116.189 2.33165
62 122.03 116.189 2.33165
63 122.03 116.189 2.33165
64 122.03 116.329 2.26104
65 122.03 116.552 2.24546
66 122.03 116.8 2.04567
67 122.03 116.862 2.00369
68 122.03 116.862 2.00369
69 122.03 117.079 2.05099
70 122.03 117.079 2.05099
71 122.03 117.224 1.96759
72 122.03 117.224 1.96759
73 122.03 117.224 1.96759
74 122.03 117.431 1.91887
75 122.03 117.584 1.88819
76 122.03 117.584 1.88819
77 122.03 117.93 1.92744
78 122.03 118.261 1.91976
79 122.03 118.298 1.88644
80 122.03 118.483 1.89054
81 122.03 118.488 1.88443
82 122.03 118.7 1.9193
83 122.391 119.348 1.83527
84 122.391 119.772 1.55681
85 122.391 119.772 1.55681
86 122.391 120.13 1.3132
87 122.391 120.361 1.19554
88 122.391 120.407 1.14153
89 122.391 120.407 1.14153
90 122.391 120.407 1.14153
91 122.391 120.427 1.11281
92 122.391 120.504 1.05237
93 122.391 120.548 1.00651
94 122.391 120.548 1.00651
95 122.391 120.712 0.940624
96 122.391 120.792 0.900019
97 122.391 120.88 0.836394
98 122.391 120.88 0.836394
99 122.391 120.88 0.836394
100 122.391 120.88 0.836394
101 122.808 121.169 0.776464
102 122.808 121.261 0.69015
103 122.808 121.261 0.69015
104 122.808 121.261 0.69015
105 122.808 121.32 0.647434
106 122.981 121.56 0.589998
107 122.981 121.56 0.589998
108 122.981 121.56 0.589998
109 122.981 121.56 0.589998
110 122.981 121.56 0.589998
111 122.981 121.56 0.589998
112 122.981 121.56 0.589998
113 122.981 121.56 0.589998
114 122.981 121.61 0.556893
115 122.981 121.61 0.556893
116 122.981 121.61 0.556893
117 122.981 121.61 0.556893
118 122.981 121.656 0.502779
119 122.981 121.664 0.493175
120 124.734 121.812 0.763305
121 124.734 121.812 0.763305
122 124.734 121.812 0.763305
123 124.734 121.812 0.763305
124 124.734 121.812 0.763305
125 124.734 121.812 0.763305
126 124.734 121.812 0.763305
127 124.734 121.812 0.763305
128 124.734 121.812 0.763305
129 124.734 121.925 0.845724
130 124.734 121.925 0.845724
131 124.734 122.007 0.858954
132 124.734 122.085 0.867492
133 124.734 122.085 0.867492
134 124.734 122.085 0.867492
135 124.734 122.085 0.867492
136 124.734 122.085 0.867492
137 124.734 122.085 0.867492
138 124.734 122.085 0.867492
139 124.734 122.085 0.867492
140 124.734 122.085 0.867492
141 127.644 122.369 1.36176
142 127.644 122.369 1.36176
143 127.644 122.411 1.34354
144 127.644 122.468 1.32039
145 127.644 122.468 1.32039
146 127.644 122.565 1.33165
147 127.644 122.565 1.33165
148 127.644 122.565 1.33165
149 127.644 122.64 1.32379
150 127.644 122.685 1.30452
