-1.4000000000000001 -1.6 0.2 0.2 0.05125 0.0
-1.4000000000000001 -1.4000000000000001 0.2 0.2 0.054375 0.0
-1.4000000000000001 -1.2000000000000002 0.2 0.2 0.055937499999999994 0.0
-1.4000000000000001 -1.0 0.2 0.2 0.0575 0.0
-1.4000000000000001 -0.8 0.2 0.2 0.0575 0.0
-1.4000000000000001 -0.6000000000000001 0.2 0.2 0.0575 0.0
-1.4000000000000001 -0.3999999999999999 0.2 0.2 0.054375 0.0
-1.4000000000000001 -0.19999999999999996 0.2 0.2 0.0496875 0.0
-1.4000000000000001 0.0 0.2 0.2 0.0434375 0.0
-1.4000000000000001 0.19999999999999996 0.2 0.2 0.03875 0.0
-1.4000000000000001 0.3999999999999999 0.2 0.2 0.052812500000000005 0.0
-1.4000000000000001 0.6000000000000001 0.2 0.2 0.06375 0.0
-1.4000000000000001 0.8000000000000003 0.2 0.2 0.07468749999999999 0.0
-1.4000000000000001 1.0 0.2 0.2 0.08406250000000001 0.0
-1.4000000000000001 1.2000000000000002 0.2 0.2 0.09187500000000001 0.0
-1.4000000000000001 1.4 0.2 0.2 0.0965625 0.0
-1.2000000000000002 -1.6 0.2 0.2 0.05125 0.0
-1.2000000000000002 -1.4000000000000001 0.2 0.2 0.054375 0.0
-1.2000000000000002 -1.2000000000000002 0.2 0.2 0.055937499999999994 0.0
-1.2000000000000002 -1.0 0.2 0.2 0.0590625 0.0
-1.2000000000000002 -0.8 0.2 0.2 0.0590625 0.0
-1.2000000000000002 -0.6000000000000001 0.2 0.2 0.0575 0.0
-1.2000000000000002 -0.3999999999999999 0.2 0.2 0.052812500000000005 0.0
-1.2000000000000002 -0.19999999999999996 0.2 0.2 0.0465625 0.0
-1.2000000000000002 0.0 0.2 0.2 0.03875 0.0
-1.2000000000000002 0.19999999999999996 0.2 0.2 0.035625 0.0
-1.2000000000000002 0.3999999999999999 0.2 0.2 0.0465625 0.0
-1.2000000000000002 0.6000000000000001 0.2 0.2 0.0575 0.0
-1.2000000000000002 0.8000000000000003 0.2 0.2 0.06687499999999999 0.0
-1.2000000000000002 1.0 0.2 0.2 0.07468749999999999 0.0
-1.2000000000000002 1.2000000000000002 0.2 0.2 0.0809375 0.0
-1.2000000000000002 1.4 0.2 0.2 0.085625 0.0
-1.0 -1.6 0.2 0.2 0.048124999999999994 0.0
-1.0 -1.4000000000000001 0.2 0.2 0.05125 0.0
-1.0 -1.2000000000000002 0.2 0.2 0.054375 0.0
-1.0 -1.0 0.2 0.2 0.055937499999999994 0.0
-1.0 -0.8 0.2 0.2 0.055937499999999994 0.0
-1.0 -0.6000000000000001 0.2 0.2 0.054375 0.0
-1.0 -0.3999999999999999 0.2 0.2 0.048124999999999994 0.0
-1.0 -0.19999999999999996 0.2 0.2 0.040312499999999994 0.0
-1.0 0.0 0.2 0.2 0.0309375 0.0
-1.0 0.19999999999999996 0.2 0.2 0.029375000000000005 0.0
-1.0 0.3999999999999999 0.2 0.2 0.03875 0.0
-1.0 0.6000000000000001 0.2 0.2 0.048124999999999994 0.0
-1.0 0.8000000000000003 0.2 0.2 0.055937499999999994 0.0
-1.0 1.0 0.2 0.2 0.06375 0.0
-1.0 1.2000000000000002 0.2 0.2 0.07 0.0
-1.0 1.4 0.2 0.2 0.07625000000000001 0.0
-0.8 -1.6 0.2 0.2 0.041875 0.0
-0.8 -1.4000000000000001 0.2 0.2 0.045000000000000005 0.0
-0.8 -1.2000000000000002 0.2 0.2 0.0496875 0.0
-0.8 -1.0 0.2 0.2 0.05125 0.0
-0.8 -0.8 0.2 0.2 0.05125 0.0
-0.8 -0.6000000000000001 0.2 0.2 0.048124999999999994 0.0
-0.8 -0.3999999999999999 0.2 0.2 0.040312499999999994 0.0
-0.8 -0.19999999999999996 0.2 0.2 0.0309375 0.0
-0.8 0.0 0.2 0.2 0.018437500000000002 0.0
-0.8 0.19999999999999996 0.2 0.2 0.023125 0.0
-0.8 0.3999999999999999 0.2 0.2 0.0309375 0.0
-0.8 0.6000000000000001 0.2 0.2 0.03718749999999999 0.0
-0.8 0.8000000000000003 0.2 0.2 0.045000000000000005 0.0
-0.8 1.0 0.2 0.2 0.05125 0.0
-0.8 1.2000000000000002 0.2 0.2 0.0575 0.0
-0.8 1.4 0.2 0.2 0.06375 0.0
-0.6000000000000001 -1.6 0.2 0.2 0.032499999999999994 0.0
-0.6000000000000001 -1.4000000000000001 0.2 0.2 0.03718749999999999 0.0
-0.6000000000000001 -1.2000000000000002 0.2 0.2 0.040312499999999994 0.0
-0.6000000000000001 -1.0 0.2 0.2 0.041875 0.0
-0.6000000000000001 -0.8 0.2 0.2 0.041875 0.0
-0.6000000000000001 -0.6000000000000001 0.2 0.2 0.03718749999999999 0.0
-0.6000000000000001 -0.3999999999999999 0.2 0.2 0.029375000000000005 0.0
-0.6000000000000001 -0.19999999999999996 0.2 0.2 0.018437500000000002 0.0
-0.6000000000000001 0.0 0.2 0.2 0.009062500000000001 0.0
-0.6000000000000001 0.19999999999999996 0.2 0.2 0.015312500000000007 0.0
-0.6000000000000001 0.3999999999999999 0.2 0.2 0.020000000000000004 0.0
-0.6000000000000001 0.6000000000000001 0.2 0.2 0.026250000000000002 0.0
-0.6000000000000001 0.8000000000000003 0.2 0.2 0.032499999999999994 0.0
-0.6000000000000001 1.0 0.2 0.2 0.03875 0.0
-0.6000000000000001 1.2000000000000002 0.2 0.2 0.0465625 0.0
-0.6000000000000001 1.4 0.2 0.2 0.052812500000000005 0.0
-0.3999999999999999 -1.6 0.2 0.2 0.023125 0.0
-0.3999999999999999 -1.4000000000000001 0.2 0.2 0.026250000000000002 0.0
-0.3999999999999999 -1.2000000000000002 0.2 0.2 0.029375000000000005 0.0
-0.3999999999999999 -1.0 0.2 0.2 0.0309375 0.0
-0.3999999999999999 -0.8 0.2 0.2 0.029375000000000005 0.0
-0.3999999999999999 -0.6000000000000001 0.2 0.2 0.024687499999999994 0.0
-0.3999999999999999 -0.3999999999999999 0.2 0.2 0.016875 0.0
-0.3999999999999999 -0.19999999999999996 0.2 0.2 0.004375000000000004 0.0
-0.3999999999999999 0.0 0.2 0.2 0.0012500000000000011 0.0
-0.3999999999999999 0.19999999999999996 0.2 0.2 0.005937500000000005 0.0
-0.3999999999999999 0.3999999999999999 0.2 0.2 0.010625000000000002 0.0
-0.3999999999999999 0.6000000000000001 0.2 0.2 0.015312500000000007 0.0
-0.3999999999999999 0.8000000000000003 0.2 0.2 0.021562500000000005 0.0
-0.3999999999999999 1.0 0.2 0.2 0.027812499999999997 0.0
-0.3999999999999999 1.2000000000000002 0.2 0.2 0.035625 0.0
-0.3999999999999999 1.4 0.2 0.2 0.0434375 0.0
-0.19999999999999996 -1.6 0.2 0.2 0.010625000000000002 0.0
-0.19999999999999996 -1.4000000000000001 0.2 0.2 0.015312500000000007 0.0
-0.19999999999999996 -1.2000000000000002 0.2 0.2 0.016875 0.0
-0.19999999999999996 -1.0 0.2 0.2 0.018437500000000002 0.0
-0.19999999999999996 -0.8 0.2 0.2 0.015312500000000007 0.0
-0.19999999999999996 -0.6000000000000001 0.2 0.2 0.010625000000000002 0.0
-0.19999999999999996 -0.3999999999999999 0.2 0.2 0.0012500000000000011 0.0
-0.19999999999999996 -0.19999999999999996 0.2 0.2 0.028750000000000005 0.0
-0.19999999999999996 0.0 0.2 0.2 0.031875 0.0
-0.19999999999999996 0.19999999999999996 0.2 0.2 0.036562500000000005 0.0
-0.19999999999999996 0.3999999999999999 0.2 0.2 0.0396875 0.0
-0.19999999999999996 0.6000000000000001 0.2 0.2 0.016875 0.0
-0.19999999999999996 0.8000000000000003 0.2 0.2 0.0309375 0.0
-0.19999999999999996 1.0 0.2 0.2 0.045000000000000005 0.0
-0.19999999999999996 1.2000000000000002 0.2 0.2 0.054375 0.0
-0.19999999999999996 1.4 0.2 0.2 0.0621875 0.0
0.0 -1.6 0.2 0.2 0.012187500000000004 0.0
0.0 -1.4000000000000001 0.2 0.2 0.0028125000000000025 0.0
0.0 -1.2000000000000002 0.2 0.2 0.0028125000000000025 0.0
0.0 -1.0 0.2 0.2 0.0028125000000000025 0.0
0.0 -0.8 0.2 0.2 0.0012500000000000011 0.0
0.0 -0.6000000000000001 0.2 0.2 0.035 0.0
0.0 -0.3999999999999999 0.2 0.2 0.0240625 0.0
0.0 -0.19999999999999996 0.2 0.2 0.0209375 0.0
0.0 0.0 0.2 0.2 0.0240625 0.0
0.0 0.19999999999999996 0.2 0.2 0.0012500000000000011 0.0
0.0 0.3999999999999999 0.2 0.2 0.020000000000000004 0.0
0.0 0.6000000000000001 0.2 0.2 0.035625 0.0
0.0 0.8000000000000003 0.2 0.2 0.05125 0.0
0.0 1.0 0.2 0.2 0.06375 0.0
0.0 1.2000000000000002 0.2 0.2 0.07468749999999999 0.0
0.0 1.4 0.2 0.2 0.0809375 0.0
0.19999999999999996 -1.6 0.2 0.2 0.012187500000000004 0.0
0.19999999999999996 -1.4000000000000001 0.2 0.2 0.004375000000000004 0.0
0.19999999999999996 -1.2000000000000002 0.2 0.2 0.035 0.0
0.19999999999999996 -1.0 0.2 0.2 0.028750000000000005 0.0
0.19999999999999996 -0.8 0.2 0.2 0.025625000000000002 0.0
0.19999999999999996 -0.6000000000000001 0.2 0.2 0.017812500000000002 0.0
0.19999999999999996 -0.3999999999999999 0.2 0.2 0.01 0.0
0.19999999999999996 -0.19999999999999996 0.2 0.2 0.0240625 0.0
0.19999999999999996 0.0 0.2 0.2 0.0012500000000000011 0.0
0.19999999999999996 0.19999999999999996 0.2 0.2 0.018437500000000002 0.0
0.19999999999999996 0.3999999999999999 0.2 0.2 0.03718749999999999 0.0
0.19999999999999996 0.6000000000000001 0.2 0.2 0.052812500000000005 0.0
0.19999999999999996 0.8000000000000003 0.2 0.2 0.06843750000000001 0.0
0.19999999999999996 1.0 0.2 0.2 0.0809375 0.0
0.19999999999999996 1.2000000000000002 0.2 0.2 0.09187500000000001 0.0
0.19999999999999996 1.4 0.2 0.2 0.09812500000000002 0.0
0.3999999999999999 -1.6 0.2 0.2 0.012187500000000004 0.0
0.3999999999999999 -1.4000000000000001 0.2 0.2 0.005937500000000005 0.0
0.3999999999999999 -1.2000000000000002 0.2 0.2 0.0396875 0.0
0.3999999999999999 -1.0 0.2 0.2 0.0334375 0.0
0.3999999999999999 -0.8 0.2 0.2 0.025625000000000002 0.0
0.3999999999999999 -0.6000000000000001 0.2 0.2 0.0209375 0.0
0.3999999999999999 -0.3999999999999999 0.2 0.2 0.028750000000000005 0.0
0.3999999999999999 -0.19999999999999996 0.2 0.2 0.0028125000000000025 0.0
0.3999999999999999 0.0 0.2 0.2 0.018437500000000002 0.0
0.3999999999999999 0.19999999999999996 0.2 0.2 0.03718749999999999 0.0
0.3999999999999999 0.3999999999999999 0.2 0.2 0.054375 0.0
0.3999999999999999 0.6000000000000001 0.2 0.2 0.0715625 0.0
0.3999999999999999 0.8000000000000003 0.2 0.2 0.085625 0.0
0.3999999999999999 1.0 0.2 0.2 0.09812500000000002 0.0
0.3999999999999999 1.2000000000000002 0.2 0.2 0.1090625 0.0
0.3999999999999999 1.4 0.2 0.2 0.11531250000000001 0.0
0.6000000000000001 -1.6 0.2 0.2 0.010625000000000002 0.0
0.6000000000000001 -1.4000000000000001 0.2 0.2 0.007500000000000007 0.0
0.6000000000000001 -1.2000000000000002 0.2 0.2 0.0028125000000000025 0.0
0.6000000000000001 -1.0 0.2 0.2 0.0396875 0.0
0.6000000000000001 -0.8 0.2 0.2 0.035 0.0
0.6000000000000001 -0.6000000000000001 0.2 0.2 0.036562500000000005 0.0
0.6000000000000001 -0.3999999999999999 0.2 0.2 0.007500000000000007 0.0
0.6000000000000001 -0.19999999999999996 0.2 0.2 0.021562500000000005 0.0
0.6000000000000001 0.0 0.2 0.2 0.03875 0.0
0.6000000000000001 0.19999999999999996 0.2 0.2 0.055937499999999994 0.0
0.6000000000000001 0.3999999999999999 0.2 0.2 0.073125 0.0
0.6000000000000001 0.6000000000000001 0.2 0.2 0.08875 0.0
0.6000000000000001 0.8000000000000003 0.2 0.2 0.104375 0.0
0.6000000000000001 1.0 0.2 0.2 0.116875 0.0
0.6000000000000001 1.2000000000000002 0.2 0.2 0.12625 0.0
0.6000000000000001 1.4 0.2 0.2 0.1325 0.0
0.8000000000000003 -1.6 0.2 0.2 0.007500000000000007 0.0
0.8000000000000003 -1.4000000000000001 0.2 0.2 0.007500000000000007 0.0
0.8000000000000003 -1.2000000000000002 0.2 0.2 0.007500000000000007 0.0
0.8000000000000003 -1.0 0.2 0.2 0.005937500000000005 0.0
0.8000000000000003 -0.8 0.2 0.2 0.005937500000000005 0.0
0.8000000000000003 -0.6000000000000001 0.2 0.2 0.015312500000000007 0.0
0.8000000000000003 -0.3999999999999999 0.2 0.2 0.026250000000000002 0.0
0.8000000000000003 -0.19999999999999996 0.2 0.2 0.040312499999999994 0.0
0.8000000000000003 0.0 0.2 0.2 0.0575 0.0
0.8000000000000003 0.19999999999999996 0.2 0.2 0.07468749999999999 0.0
0.8000000000000003 0.3999999999999999 0.2 0.2 0.09187500000000001 0.0
0.8000000000000003 0.6000000000000001 0.2 0.2 0.10750000000000001 0.0
0.8000000000000003 0.8000000000000003 0.2 0.2 0.12156250000000002 0.0
0.8000000000000003 1.0 0.2 0.2 0.1340625 0.0
0.8000000000000003 1.2000000000000002 0.2 0.2 0.14343750000000002 0.0
0.8000000000000003 1.4 0.2 0.2 0.1496875 0.0
1.0 -1.6 0.2 0.2 0.004375000000000004 0.0
1.0 -1.4000000000000001 0.2 0.2 0.007500000000000007 0.0
1.0 -1.2000000000000002 0.2 0.2 0.009062500000000001 0.0
1.0 -1.0 0.2 0.2 0.010625000000000002 0.0
1.0 -0.8 0.2 0.2 0.020000000000000004 0.0
1.0 -0.6000000000000001 0.2 0.2 0.032499999999999994 0.0
1.0 -0.3999999999999999 0.2 0.2 0.045000000000000005 0.0
1.0 -0.19999999999999996 0.2 0.2 0.0590625 0.0
1.0 0.0 0.2 0.2 0.07468749999999999 0.0
1.0 0.19999999999999996 0.2 0.2 0.09187500000000001 0.0
1.0 0.3999999999999999 0.2 0.2 0.10750000000000001 0.0
1.0 0.6000000000000001 0.2 0.2 0.12312500000000001 0.0
1.0 0.8000000000000003 0.2 0.2 0.13718750000000002 0.0
1.0 1.0 0.2 0.2 0.148125 0.0
1.0 1.2000000000000002 0.2 0.2 0.1575 0.0
1.0 1.4 0.2 0.2 0.16375 0.0