1 0.0105452 -1999.99 4000
2 9.8967 0.528166 2.00966
3 9.8967 0.685917 2.04922
4 9.8967 1.06047 2.61846
5 10.604 1.62156 3.20134
6 10.604 2.26813 3.45504
7 10.604 2.98757 3.64209
8 10.604 3.49176 3.41381
9 10.604 4.03505 3.31161
10 10.604 5.04341 3.11893
11 10.604 5.65192 2.84931
12 21.4542 6.73771 4.00662
13 21.4542 7.61011 4.2217
14 21.4542 8.20932 4.12692
15 21.4542 9.67702 4.67657
16 24.7395 11.0094 5.27479
17 24.7395 11.7379 5.07665
18 24.7395 12.6751 4.8259
19 24.7395 13.4207 4.96395
20 24.7395 14.3962 4.78895
21 24.7395 15.5813 4.63876
22 24.7395 16.6323 4.32227
23 24.7395 17.8721 3.6385
24 24.7395 18.6763 3.11436
25 24.7395 19.3893 2.93264
26 26.5288 20.2334 2.70413
27 29.1506 21.6701 2.76493
28 31.3879 22.4237 3.06291
29 31.3879 22.9372 3.03697
30 31.3879 23.2324 2.99075
31 31.3879 23.379 2.87091
32 31.3879 24.2036 2.96632
33 31.3879 24.7076 2.84955
34 31.3879 24.8577 2.76875
35 39.0864 25.563 3.84752
36 39.0864 26.339 3.78024
37 39.0864 27.234 3.96733
38 39.0864 28.2338 3.73587
39 39.0864 28.3882 3.64697
40 39.0864 28.5647 3.53188
41 39.0864 29.2766 3.44494
42 39.0864 29.8708 3.18851
43 39.0864 30.0735 3.1101
44 39.0864 30.5191 2.98254
45 39.8568 31.101 3.34083
46 40.3352 32.1066 3.70986
47 40.3352 32.8722 3.74862
48 40.3352 33.855 3.5954
49 40.3352 34.1896 3.34234
50 40.3352 34.3918 3.21038
51 40.3352 34.4059 3.19358
52 42.3988 35.1418 3.40543
53 42.3988 35.9891 3.23007
54 42.3988 36.5623 2.89984
55 42.3988 36.707 2.78603
56 42.3988 37.0019 2.72859
57 42.3988 37.5811 2.51003
58 42.3988 37.5811 2.51003
59 42.3988 37.6084 2.46964
60 42.3988 37.6773 2.38611
61 42.3988 37.6773 2.38611
62 42.3988 37.6773 2.38611
63 42.3988 37.8597 2.26283
