1 0.671285 -399.81 1959.63
2 1.85365 0.493269 0.417173
3 1.85365 0.627654 0.345211
4 1.98564 0.761569 0.419804
5 1.98564 0.933766 0.427761
6 2.41899 1.09963 0.48107
7 2.41899 1.25617 0.493933
8 2.41899 1.3611 0.448318
9 2.41899 1.53283 0.438755
10 2.41899 1.68785 0.406024
11 2.5757 1.80797 0.404586
12 2.5757 1.83079 0.383134
13 2.5757 1.85278 0.361607
14 3.32521 2.00583 0.408209
15 3.32521 2.03368 0.384142
16 3.76629 2.1389 0.490094
17 3.76629 2.14656 0.483797
18 3.76629 2.20332 0.475353
19 3.76629 2.20332 0.475353
20 3.76629 2.20332 0.475353
21 3.76629 2.2832 0.482158
22 3.76629 2.31981 0.463867
23 3.76629 2.33535 0.453862
24 4.53775 2.44271 0.615798
25 4.53775 2.60938 0.660198
26 4.53775 2.62013 0.652238
27 4.53775 2.62013 0.652238
28 4.53775 2.7639 0.700265
29 4.53775 2.8003 0.682333
30 4.53775 2.87353 0.707338
31 4.53775 2.87353 0.707338
32 4.53775 2.87353 0.707338
33 4.78802 2.99572 0.771295
34 6.52465 3.19776 0.997211
35 6.52465 3.22784 0.979274
36 8.14105 3.46295 1.35354
37 8.14105 3.46535 1.35155
38 8.14105 3.55165 1.31229
39 9.28054 1.14995 2.22696
40 9.28054 1.68138 2.21516
41 9.28054 2.29983 2.16091
42 9.28054 3.22428 1.60576
43 9.28054 3.93915 1.78303
44 9.28054 4.75006 1.90655
45 9.28054 5.35913 1.88378
46 9.28054 5.98151 1.477
47 9.28054 6.11087 1.34842
48 9.28054 6.51535 1.33613
49 9.28054 6.81525 1.1753
50 9.28054 6.95786 1.09228
51 10.4311 3.88094 1.85372
52 10.4311 3.97033 1.82164
53 10.4311 4.07489 1.77731
54 10.4311 4.28098 1.7917
55 10.4311 4.49109 1.90521
56 10.4311 4.7432 1.94865
57 10.4311 4.79834 1.92303
58 10.4311 4.82854 1.87039
59 10.4311 4.85407 1.88230
60 10.4311 4.87345 1.85209
61 10.4311 4.91543 1.83092
62 10.4311 3.92345 1.81092
63 10.4311 4.07489 1.80239
64 10.4311 4.09224 1.78455
65 10.4311 4.15508 1.77039
66 10.4311 4.17340 1.76329
67 14.3514 7.54953 1.63603
68 14.3514 7.8673 1.66045
69 14.3514 8.14067 1.68024
70 14.3514 8.19393 1.63614
71 14.3514 8.69263 1.83154
72 14.3514 8.79101 1.78723
73 14.3514 8.86929 1.76154
74 14.3514 9.09992 1.73445
75 14.3514 9.15832 1.70143
76 14.3514 9.17258 1.68847
77 14.3514 9.27245 1.65706
78 14.3514 9.31543 1.61797
79 14.3514 9.45066 1.61392
80 14.3514 9.6738 1.71997
81 14.3514 9.6738 1.71997
82 14.3514 9.78177 1.64703
83 14.3514 9.943 1.59938
84 14.3514 10.1033 1.60931
85 14.3514 10.4432 1.54635
86 14.3514 10.467 1.52079
87 14.3514 10.4693 1.5189
88 14.3514 10.4724 1.51203
89 14.3514 10.47392 1.50204
90 14.3514 10.47423 1.49762
91 14.3514 10.49528 1.48202
92 14.3514 10.52509 1.4812
93 14.3514 10.53867 1.47031
94 14.3514 10.54892 1.45401
95 14.3514 10.56309 1.44092
96 14.3514 10.58093 1.4379
97 14.3514 10.59345 1.43328
98 14.3514 10.64835 1.42903
99 14.3514 10.67302 1.42458
100 14.3514 10.68932 1.42219


