1 3.07968e-20 3.07968e-20 0
2 0.000363526 3.52817e-05 9.69285e-05
3 0.0228897 0.00190699 0.00479736
4 0.0792588 0.0144848 0.0202024
5 0.0792588 0.0366618 0.0189395
6 0.0792588 0.0454449 0.013626
7 0.087664 0.0536814 0.013689
8 0.087664 0.0574761 0.0122259
9 0.140698 0.0682065 0.0180096
10 0.140698 0.0743297 0.016142
11 0.140698 0.0761362 0.0153222
12 0.140698 0.077454 0.0151741
13 0.140698 0.0812372 0.0150714
14 0.140698 0.0837906 0.0157211
15 0.165425 0.0892985 0.0217669
16 0.17495 0.0937264 0.0269728
17 0.204952 0.113084 0.0271834
18 0.242468 0.131424 0.0323599
19 0.242468 0.140402 0.031326
20 0.242468 0.145119 0.0317642
21 0.242468 0.147204 0.0307645
22 0.242468 0.147204 0.0307645
23 0.242468 0.162356 0.032724
24 0.248684 0.169706 0.0354467
25 0.248684 0.173449 0.0337906
26 0.248684 0.185186 0.0352656
27 0.266466 0.0672584 0.0479081
28 0.266466 0.0822128 0.0550437
29 0.266466 0.0906068 0.0534831
30 0.266466 0.101396 0.0507408
31 0.266466 0.126581 0.0487433
32 0.266466 0.148508 0.0435422
33 0.297831 0.16364 0.045825
34 0.297831 0.175156 0.0485002
35 0.297831 0.175229 0.0484312
36 0.297831 0.191775 0.0467422
37 0.297831 0.207771 0.044417
38 0.297831 0.214455 0.0413891
39 0.297831 0.221504 0.0399793
40 0.297831 0.231732 0.0368141
41 0.320142 0.240021 0.0373019
42 0.333097 0.257037 0.036837
43 0.333097 0.257037 0.036837
44 0.333097 0.262895 0.0325336
45 0.333097 0.263008 0.0323734
46 0.333097 0.264316 0.0310777
47 0.342501 0.27729 0.0293672
48 0.342501 0.279418 0.0281584
49 0.342501 0.280465 0.0271137
50 0.342501 0.2845 0.0252651
51 0.342501 0.285046 0.0245466
52 0.342501 0.286629 0.0235342
53 0.400565 0.295244 0.0306182
54 0.400565 0.298996 0.0323856
55 0.400565 0.299484 0.0319653
56 0.400565 0.305629 0.0321406
57 0.400565 0.307405 0.0313789
58 0.400565 0.309923 0.029958
59 0.400565 0.313989 0.0287866
60 0.400565 0.317099 0.0290823
61 0.400565 0.317482 0.0286876
62 0.400565 0.32069 0.0272089
63 0.400565 0.322115 0.0259577
64 0.400565 0.323439 0.0251292
65 0.400565 0.327427 0.0273585
66 0.400565 0.328201 0.0264707
67 0.400565 0.329095 0.0257989
68 0.400565 0.330013 0.0251763
69 0.400565 0.3356 0.026556
70 0.400565 0.3356 0.026556
71 0.400565 0.3356 0.026556
72 0.400565 0.3356 0.026556
73 0.400565 0.3356 0.026556
74 0.400565 0.336231 0.025958
75 0.406461 0.34003 0.028848
76 0.406461 0.34288 0.0292183
77 0.406461 0.344083 0.0286471
78 0.434979 0.352236 0.0312677
79 0.434979 0.354834 0.0310685
80 0.434979 0.356448 0.0299232
81 0.434979 0.363133 0.031439
82 0.460869 0.326485 0.0427097
83 0.460869 0.32944 0.0409691
84 0.460869 0.335329 0.0367959
85 0.460869 0.348061 0.0389421
86 0.460869 0.356758 0.0398496
87 0.460869 0.357936 0.0391026
88 0.512717 0.366448 0.0481187
89 0.512717 0.372423 0.0470712
90 0.568048 0.385475 0.0577309
91 0.568048 0.391975 0.0559704
92 0.568048 0.404182 0.0560692
93 0.568048 0.412827 0.0531059
94 0.568048 0.430109 0.0567469
95 0.568048 0.432434 0.0548272
96 0.568048 0.4517 0.0534889
97 0.568869 0.467137 0.0501227
98 0.568869 0.480921 0.0460742
99 0.568869 0.484067 0.0432225
100 0.568869 0.487884 0.0424183
101 0.568869 0.491345 0.0413348
