1 1.71619 -399.685 1959.66
2 2.12091 0.581466 0.506816
3 2.68136 1.01902 0.546789
4 2.68136 1.13795 0.507349
5 2.68136 1.24791 0.511392
6 2.68136 1.4636 0.557489
7 2.68136 1.54376 0.512332
8 2.68136 1.64712 0.471697
9 2.68136 1.70553 0.477266
10 2.68136 1.75803 0.445402
11 2.68136 1.85379 0.407988
12 2.68136 1.93521 0.402872
13 2.68136 1.97411 0.395408
14 4.04834 2.14209 0.502061
15 4.04834 2.15797 0.489169
16 4.04834 2.2169 0.479191
17 4.04834 2.2169 0.479191
18 4.04834 2.28765 0.483987
19 4.26181 2.47274 0.599846
20 4.26181 2.47274 0.599846
21 4.26181 2.5188 0.574629
22 4.26181 2.55164 0.554679
23 4.26181 2.55164 0.554679
24 4.55725 2.69391 0.655222
25 4.55725 2.78804 0.65832
26 4.55725 2.79402 0.653219
27 4.55725 2.8169 0.642322
28 4.55725 2.83734 0.63317
29 4.55725 2.83734 0.63317
30 4.55725 2.83734 0.63317
31 4.55725 2.88692 0.63812
32 4.55725 2.88692 0.63812
33 4.55725 2.89958 0.629554
34 4.55725 2.89958 0.629554
35 4.55725 2.89958 0.629554
36 4.55725 2.89958 0.629554
37 4.55725 2.95448 0.6353
38 4.55725 2.95448 0.6353
39 4.55725 2.95448 0.6353
40 5.91173 3.14009 0.832102
41 5.91173 3.14009 0.832102
42 5.91173 3.23555 0.868687
43 5.91173 3.24649 0.859314
44 5.91173 3.24649 0.859314
45 5.91173 3.29656 0.843246
46 5.91173 3.30228 0.83785
47 5.91173 3.30265 0.837478
48 5.91173 3.43361 0.830005
49 5.91173 3.5301 0.83266
50 5.91173 3.5301 0.83266
51 5.91173 3.59618 0.823296
52 5.91173 3.64225 0.799401
53 5.91173 3.64225 0.799401
54 5.91173 3.64225 0.799401
55 5.91173 3.6533 0.787262
56 5.91173 3.6533 0.787262
57 5.91173 3.6533 0.787262
58 5.91173 3.6533 0.787262
59 5.91173 3.6533 0.787262
60 5.91173 3.6533 0.787262
61 5.91173 3.67955 0.765043
62 5.91173 3.67955 0.765043
63 5.91173 3.67955 0.765043
64 5.91173 3.67955 0.765043
65 5.91173 3.67955 0.765043
66 5.91173 3.69531 0.749918
67 5.91173 3.69531 0.749918
68 5.91173 3.76273 0.729921
69 5.91173 3.86042 0.765154
70 5.91173 3.86042 0.765154
71 5.91173 3.86042 0.765154
72 5.91173 3.87334 0.75167
73 5.91173 3.95048 0.749208
74 5.96494 4.07173 0.817056
75 5.96494 4.12159 0.776111
76 5.96494 4.24931 0.744347
77 5.96494 4.26962 0.724095
78 5.96494 4.26962 0.724095
79 8.27763 4.46722 1.04551
80 8.27763 4.69166 1.12261
81 8.27763 4.82115 1.13534
82 8.27763 4.93612 1.1592
83 8.27763 4.93612 1.1592
84 8.27763 5.03012 1.15521
85 8.27763 5.11655 1.13874
86 8.27763 5.12134 1.13335
87 8.27763 5.35976 1.1119
88 8.27763 5.59635 1.04139
89 8.32063 5.94893 1.07838
90 8.32063 5.94893 1.07838
91 8.32063 6.13051 0.959846
92 8.32063 6.32408 0.923542
93 8.32063 6.59646 0.845884
94 8.32063 6.62443 0.813573
95 8.32063 6.62443 0.813573
96 8.32063 6.62443 0.813573
97 8.32063 6.69306 0.793128
98 8.32063 6.78051 0.763882
99 8.32063 6.83484 0.726144
100 8.32063 6.87973 0.689377
101 8.32063 6.92185 0.668226
102 8.32063 6.95873 0.636662
103 8.32063 7.00142 0.617884
104 8.32063 7.07117 0.632619
105 8.32063 7.07117 0.632619
106 8.32063 7.18748 0.588995
107 8.61978 7.28881 0.616047
108 8.61978 7.28881 0.616047
109 8.61978 7.32911 0.594849
110 8.61978 7.33249 0.590659
111 8.61978 7.33249 0.590659
112 8.61978 7.33249 0.590659
113 9.99115 7.5017 0.749296
114 9.99115 7.5017 0.749296
115 9.99115 7.54873 0.732319
116 9.99115 7.54873 0.732319
117 9.99115 7.54873 0.732319
118 9.99115 7.58156 0.71068
119 9.99115 7.58156 0.71068
120 9.99115 7.60776 0.688761
121 9.99115 7.60776 0.688761
122 9.99115 7.60776 0.688761
123 9.99115 7.60776 0.688761
124 9.99115 7.63556 0.667351
125 9.99115 7.68863 0.648783
126 9.99115 7.79102 0.628316
127 9.99115 7.79102 0.628316
128 9.99115 7.80079 0.61912
129 9.99115 7.80079 0.61912
130 9.99115 7.80079 0.61912
131 9.99115 7.89395 0.683876
132 9.99115 7.89395 0.683876
133 9.99115 7.89395 0.683876
134 9.99115 7.89395 0.683876
135 9.99115 7.9123 0.672079
136 9.99115 7.9123 0.672079
137 9.99115 7.9123 0.672079
138 9.99115 7.96493 0.671822
139 9.99115 7.9716 0.666228
140 9.99115 8.03194 0.673725
141 9.99115 8.03194 0.673725
142 9.99115 8.0919 0.675909
143 9.99115 8.0919 0.675909
144 9.99115 8.0919 0.675909
145 9.99115 8.1305 0.659457
146 9.99115 8.1305 0.659457
147 9.99115 8.1305 0.659457
148 9.99115 8.1305 0.659457
149 9.99115 8.20546 0.673918
150 9.99115 8.20546 0.673918
