1 -0.787764 -1.46577 0.190356
2 -0.768063 -1.29795 0.191977
3 -0.680534 -1.12317 0.207848
4 -0.415682 -0.9088 0.218393
5 0.11556 -0.590832 0.189534
6 0.736303 -0.380722 0.261262
7 0.736303 -0.313861 0.281174
8 0.736303 -0.282741 0.271533
9 0.736303 -0.232349 0.258923
10 0.786679 -0.139196 0.312364
11 0.786679 -0.0514598 0.360023
12 1.61501 0.140877 0.460464
13 1.61501 0.273718 0.479818
14 1.61501 0.471397 0.448053
15 1.61501 0.515075 0.424635
16 1.61501 0.617165 0.424485
17 1.61501 0.719873 0.390456
18 0.320914 -0.305991 0.226418
19 2.28554 -0.0230395 0.497145
20 2.28554 0.21317 0.550055
21 2.28554 0.381683 0.536367
22 2.28554 0.424652 0.512613
23 2.28554 0.610624 0.526879
24 2.85891 0.887446 0.704346
25 2.85891 1.11831 0.709908
26 2.85891 1.31734 0.629568
27 2.85891 1.40944 0.574636
28 2.85891 1.50212 0.557531
29 2.85891 1.73741 0.507145
30 2.85891 1.8373 0.452997
31 2.85891 1.8491 0.440495
32 2.85891 1.9507 0.405754
33 2.85891 1.98127 0.394282
34 3.13784 2.20132 0.380975
35 3.13784 2.3359 0.369706
36 3.13784 2.40937 0.353876
37 3.13784 2.57087 0.289388
38 3.13784 2.6624 0.254261
39 3.13784 2.67329 0.242318
40 3.13784 2.69563 0.231021
41 3.13784 2.73526 0.206591
42 3.13784 2.77827 0.187618
43 3.13784 2.78523 0.178824
44 3.13784 2.80127 0.173145
45 3.13784 2.80982 0.164701
46 3.13784 2.80982 0.164701
47 3.13784 2.82962 0.161254
48 3.13784 2.82962 0.161254
49 3.13784 2.83843 0.152092
50 3.13784 2.84138 0.148377
51 3.13784 2.84686 0.143169
52 3.13784 2.84686 0.143169
53 3.13784 2.87843 0.129274
54 3.13784 2.88034 0.126763
55 3.13784 2.88424 0.12234
56 3.13784 2.89411 0.116269
57 3.13784 2.91641 0.114634
58 3.13784 2.93249 0.104644
59 3.13784 2.93598 0.100348
60 3.13784 2.93724 0.0984881
61 3.13784 2.93724 0.0984881
62 3.13784 2.94156 0.0938053
63 3.13784 2.94156 0.0938053
64 3.13784 2.94156 0.0938053
65 3.13784 2.94228 0.0927098
66 3.2349 2.96746 0.100432
67 3.2349 2.97372 0.0951505
68 3.2349 2.98334 0.0936959
69 3.2349 2.98334 0.0936959
70 3.2349 2.98784 0.0889103
71 3.2349 2.98784 0.0889103
72 3.2349 2.98784 0.0889103
73 3.2349 2.99619 0.0868753
74 3.2349 3.0075 0.088964
75 3.2349 3.01429 0.0859761
76 3.2349 3.01429 0.0859761
77 3.2349 3.02504 0.0864737
78 3.2349 3.02504 0.0864737
79 3.2349 3.04254 0.086458
80 3.2349 3.04851 0.0819703
81 3.2349 3.06037 0.0776246
82 3.2349 3.07082 0.0793429
83 3.2349 3.07082 0.0793429
84 3.2349 3.08692 0.076907
85 3.24694 3.10112 0.0757782
86 3.24694 3.11388 0.0720884
87 3.24694 3.11388 0.0720884
88 3.24694 3.11388 0.0720884
89 3.24694 3.1147 0.0709888
90 3.24694 3.11713 0.0687017
91 3.24694 3.11713 0.0687017
92 3.24694 3.11713 0.0687017
93 3.25694 3.11713 0.0687017
94 3.25694 3.11713 0.0687017
95 3.25694 3.11713 0.0687017
96 3.25694 3.11713 0.0687017
97 3.25694 3.11713 0.0687017
98 3.25694 3.11713 0.0687017
99 3.26694 3.11713 0.0687017
100 3.26694 3.11713 0.0687017



